moon_types:
  moon: 
    count: 13.0
    prob: 0.8125
    mass_mean: 0.005513153846153847
    mass_std: 0.009417033882333949
    radius_mean: 0.17966153846153846
    radius_std: 0.12918538706358867
    distance_min: 30
    distance_max: 50

  terrestrial: 
    count: 3.0
    prob: 0.1875
    mass_mean: 0.011778333333333333
    mass_std: 0.0035116816959020257
    radius_mean: 0.26786666666666664
    radius_std: 0.020873987001369262
    distance_min: 30
    distance_max: 50