planet_types: 
  dwarf:
    name: dwarf
    count: 6.0
    prob: 0.42857142857142855
    mass_mean: 0.0011061666666666668
    mass_std: 0.0011102811205576121
    radius_mean: 0.129
    radius_std: 0.04591683787021923
    distance_min: 30
    distance_max: 50
    has_atmosphere: false

  gas:
    name: gas
    count: 2.0
    prob: 0.14285714285714285
    mass_mean: 206.49599999999998
    mass_std: 157.45005275324613
    radius_mean: 10.055
    radius_std: 1.2940054095713813
    distance_min: 5.2
    distance_max: 10
    has_atmosphere: true

  ice: 
    name: ice
    count: 2.0
    prob: 0.14285714285714285
    mass_mean: 15.8415
    mass_std: 1.846255805678074
    radius_mean: 3.923
    radius_std: 0.08202438661763928
    distance_min: 15
    distance_max: 29
    has_atmosphere: false

  terrestrial: 
    name: terrestrial
    count: 4.0
    prob: 0.2857142857142857
    mass_mean: 0.49432499999999996
    mass_std: 0.4834953524423305
    radius_mean: 0.7162
    radius_std: 0.3056014070648236
    distance_min: 0.39
    distance_max: 1.52
    has_atmosphere: true

    







